1 41 217 34 -5
2 228 108 -2 -40
3 31 77 -30 3
4 77 186 37 -1
5 42 132 5 -27
6 197 226 -17 7
7 167 49 -9 -8
8 72 83 9 30
9 3 118 3 5
10 37 109 -18 1
11 66 35 -2 32
12 40 192 -34 41
13 140 229 20 5
14 143 48 6 30
15 6 90 -10 23
16 194 189 3 -1
17 118 82 -12 18
18 139 158 -26 21
19 173 136 -24 2
20 20 79 4 35
21 236 40 -25 -12
22 155 74 29 0
23 191 224 -14 -34
24 7 87 -30 -30
25 195 159 1 -17
26 172 196 -24 -5
27 150 91 7 1
28 124 37 15 4
29 102 100 5 4
30 96 21 -1 -16
31 31 234 -46 -20
32 150 38 10 -15
33 148 233 -14 -7
34 63 14 -7 34
35 100 249 13 45
36 224 8 35 37
37 195 235 0 -14
38 64 3 48 -10
39 80 46 17 -9
40 9 157 0 -4
41 38 179 33 -33
42 65 138 -5 -32
43 22 55 -18 -24
44 125 183 -23 28
45 131 248 21 -28
46 57 226 3 13
47 100 10 -16 -27
48 151 39 -18 -33
49 182 35 12 10
50 82 182 15 -18